numNodes: 3
numProcs: 3
TotalJobTimes: 8
Matrix:
0  1 2 3 4 5 6 7 8 9 
---------------------------
1 |8 0 0 0 0 1 4 5 1 
2 |2 0 0 0 0 0 1 1 0 
3 |1 0 0 0 0 0 1 0 0 
4 |2 0 0 0 0 1 0 1 0 
5 |2 0 0 0 0 0 1 0 1 
6 |1 0 0 0 0 0 0 1 0 
7 |1 0 0 0 0 0 0 1 0 
8 |0 0 0 0 0 0 0 0 0 
9 |2 0 0 0 0 0 1 1 0 

===========================
Open list: <1,1> 
Open list: <1,1> -> <2,1> 
Open list: <3,1> -> <1,1> -> <2,1> 
Open list: <4,1> -> <3,1> -> <1,1> -> <2,1> 
Open list: <4,1> -> <3,1> -> <1,1> -> <2,1> 
Matrix:
0  1 2 3 4 5 6 7 8 9 
---------------------------
1 |7 0 0 0 0 1 3 5 0 
2 |2 0 0 0 0 0 1 1 0 
3 |1 0 0 0 0 0 1 0 0 
4 |2 0 0 0 0 1 0 1 0 
5 |2 0 0 0 0 0 1 0 1 
6 |1 0 0 0 0 0 0 1 0 
7 |1 0 0 0 0 0 0 1 0 
8 |0 0 0 0 0 0 0 0 0 
9 |2 0 0 0 0 0 1 1 0 

Matrix:
0  1 2 3 4 5 6 7 8 9 
---------------------------
1 |6 0 0 0 0 0 3 4 0 
2 |2 0 0 0 0 0 1 1 0 
3 |1 0 0 0 0 0 1 0 0 
4 |2 0 0 0 0 1 0 1 0 
5 |2 0 0 0 0 0 1 0 1 
6 |1 0 0 0 0 0 0 1 0 
7 |1 0 0 0 0 0 0 1 0 
8 |0 0 0 0 0 0 0 0 0 
9 |2 0 0 0 0 0 1 1 0 

Matrix:
0  1 2 3 4 5 6 7 8 9 
---------------------------
1 |5 0 0 0 0 0 2 3 0 
2 |2 0 0 0 0 0 1 1 0 
3 |1 0 0 0 0 0 1 0 0 
4 |2 0 0 0 0 1 0 1 0 
5 |2 0 0 0 0 0 1 0 1 
6 |1 0 0 0 0 0 0 1 0 
7 |1 0 0 0 0 0 0 1 0 
8 |0 0 0 0 0 0 0 0 0 
9 |2 0 0 0 0 0 1 1 0 

===========================
Open list: <5,1> -> <2,1> 
Open list: <8,1> -> <5,1> -> <2,1> 
Open list: <8,1> -> <5,1> -> <2,1> 
Matrix:
0  1 2 3 4 5 6 7 8 9 
---------------------------
1 |4 0 0 0 0 0 1 2 0 
2 |2 0 0 0 0 0 1 1 0 
3 |1 0 0 0 0 0 1 0 0 
4 |2 0 0 0 0 1 0 1 0 
5 |2 0 0 0 0 0 1 0 1 
6 |1 0 0 0 0 0 0 1 0 
7 |1 0 0 0 0 0 0 1 0 
8 |0 0 0 0 0 0 0 0 0 
9 |2 0 0 0 0 0 1 1 0 

Matrix:
0  1 2 3 4 5 6 7 8 9 
---------------------------
1 |3 0 0 0 0 0 1 1 0 
2 |2 0 0 0 0 0 1 1 0 
3 |1 0 0 0 0 0 1 0 0 
4 |2 0 0 0 0 1 0 1 0 
5 |2 0 0 0 0 0 1 0 1 
6 |1 0 0 0 0 0 0 1 0 
7 |1 0 0 0 0 0 0 1 0 
8 |0 0 0 0 0 0 0 0 0 
9 |2 0 0 0 0 0 1 1 0 

Matrix:
0  1 2 3 4 5 6 7 8 9 
---------------------------
1 |2 0 0 0 0 0 0 1 0 
2 |2 0 0 0 0 0 1 1 0 
3 |1 0 0 0 0 0 1 0 0 
4 |2 0 0 0 0 1 0 1 0 
5 |2 0 0 0 0 0 1 0 1 
6 |1 0 0 0 0 0 0 1 0 
7 |1 0 0 0 0 0 0 1 0 
8 |0 0 0 0 0 0 0 0 0 
9 |2 0 0 0 0 0 1 1 0 

===========================
Open list: <6,1> 
Open list: <6,1> 
Matrix:
0  1 2 3 4 5 6 7 8 9 
---------------------------
1 |1 0 0 0 0 0 0 0 0 
2 |2 0 0 0 0 0 1 1 0 
3 |1 0 0 0 0 0 1 0 0 
4 |2 0 0 0 0 1 0 1 0 
5 |2 0 0 0 0 0 1 0 1 
6 |1 0 0 0 0 0 0 1 0 
7 |1 0 0 0 0 0 0 1 0 
8 |0 0 0 0 0 0 0 0 0 
9 |2 0 0 0 0 0 1 1 0 

Matrix:
0  1 2 3 4 5 6 7 8 9 
---------------------------
1 |1 0 0 0 0 0 0 0 0 
2 |2 0 0 0 0 0 1 1 0 
3 |1 0 0 0 0 0 1 0 0 
4 |2 0 0 0 0 1 0 1 0 
5 |2 0 0 0 0 0 1 0 1 
6 |1 0 0 0 0 0 0 1 0 
7 |1 0 0 0 0 0 0 1 0 
8 |0 0 0 0 0 0 0 0 0 
9 |2 0 0 0 0 0 1 1 0 

Matrix:
0  1 2 3 4 5 6 7 8 9 
---------------------------
1 |1 0 0 0 0 0 0 0 0 
2 |2 0 0 0 0 0 1 1 0 
3 |1 0 0 0 0 0 1 0 0 
4 |2 0 0 0 0 1 0 1 0 
5 |2 0 0 0 0 0 1 0 1 
6 |1 0 0 0 0 0 0 1 0 
7 |1 0 0 0 0 0 0 1 0 
8 |0 0 0 0 0 0 0 0 0 
9 |2 0 0 0 0 0 1 1 0 

===========================
Open list: <7,1> 
Open list: <7,1> 
Matrix:
0  1 2 3 4 5 6 7 8 9 
---------------------------
1 |0 0 0 0 0 0 0 0 0 
2 |2 0 0 0 0 0 1 1 0 
3 |1 0 0 0 0 0 1 0 0 
4 |2 0 0 0 0 1 0 1 0 
5 |2 0 0 0 0 0 1 0 1 
6 |1 0 0 0 0 0 0 1 0 
7 |1 0 0 0 0 0 0 1 0 
8 |0 0 0 0 0 0 0 0 0 
9 |2 0 0 0 0 0 1 1 0 

Matrix:
0  1 2 3 4 5 6 7 8 9 
---------------------------
1 |0 0 0 0 0 0 0 0 0 
2 |2 0 0 0 0 0 1 1 0 
3 |1 0 0 0 0 0 1 0 0 
4 |2 0 0 0 0 1 0 1 0 
5 |2 0 0 0 0 0 1 0 1 
6 |1 0 0 0 0 0 0 1 0 
7 |1 0 0 0 0 0 0 1 0 
8 |0 0 0 0 0 0 0 0 0 
9 |2 0 0 0 0 0 1 1 0 

Matrix:
0  1 2 3 4 5 6 7 8 9 
---------------------------
1 |0 0 0 0 0 0 0 0 0 
2 |2 0 0 0 0 0 1 1 0 
3 |1 0 0 0 0 0 1 0 0 
4 |2 0 0 0 0 1 0 1 0 
5 |2 0 0 0 0 0 1 0 1 
6 |1 0 0 0 0 0 0 1 0 
7 |1 0 0 0 0 0 0 1 0 
8 |0 0 0 0 0 0 0 0 0 
9 |2 0 0 0 0 0 1 1 0 

