===========================
Scheduling Table: 
procUsed: 0 	|	currentTime: 0
Time:	  | 0 |  | 1 |  | 2 |  | 3 |  | 4 |  | 5 |  | 6 |  | 7 |  | 8 | 
Proc: 1 | 0 |  | 0 |  | 0 |  | 0 |  | 0 |  | 0 |  | 0 |  | 0 |  | 0 | 
Proc: 2 | 0 |  | 0 |  | 0 |  | 0 |  | 0 |  | 0 |  | 0 |  | 0 |  | 0 | 
Proc: 3 | 0 |  | 0 |  | 0 |  | 0 |  | 0 |  | 0 |  | 0 |  | 0 |  | 0 | 
===========================
Scheduling Table: 
procUsed: 3 	|	currentTime: 0
Time:	  | 0 |  | 1 |  | 2 |  | 3 |  | 4 |  | 5 |  | 6 |  | 7 |  | 8 | 
Proc: 1 | 4 |  | 0 |  | 0 |  | 0 |  | 0 |  | 0 |  | 0 |  | 0 |  | 0 | 
Proc: 2 | 3 |  | 0 |  | 0 |  | 0 |  | 0 |  | 0 |  | 0 |  | 0 |  | 0 | 
Proc: 3 | 1 |  | 0 |  | 0 |  | 0 |  | 0 |  | 0 |  | 0 |  | 0 |  | 0 | 
===========================
Scheduling Table: 
procUsed: 3 	|	currentTime: 1
Time:	  | 0 |  | 1 |  | 2 |  | 3 |  | 4 |  | 5 |  | 6 |  | 7 |  | 8 | 
Proc: 1 | 4 |  | 8 |  | 0 |  | 0 |  | 0 |  | 0 |  | 0 |  | 0 |  | 0 | 
Proc: 2 | 3 |  | 5 |  | 0 |  | 0 |  | 0 |  | 0 |  | 0 |  | 0 |  | 0 | 
Proc: 3 | 1 |  | 2 |  | 0 |  | 0 |  | 0 |  | 0 |  | 0 |  | 0 |  | 0 | 
===========================
Scheduling Table: 
procUsed: 1 	|	currentTime: 2
Time:	  | 0 |  | 1 |  | 2 |  | 3 |  | 4 |  | 5 |  | 6 |  | 7 |  | 8 | 
Proc: 1 | 4 |  | 8 |  | 6 |  | 0 |  | 0 |  | 0 |  | 0 |  | 0 |  | 0 | 
Proc: 2 | 3 |  | 5 |  | 0 |  | 0 |  | 0 |  | 0 |  | 0 |  | 0 |  | 0 | 
Proc: 3 | 1 |  | 2 |  | 0 |  | 0 |  | 0 |  | 0 |  | 0 |  | 0 |  | 0 | 
===========================
Scheduling Table: 
procUsed: 1 	|	currentTime: 3
Time:	  | 0 |  | 1 |  | 2 |  | 3 |  | 4 |  | 5 |  | 6 |  | 7 |  | 8 | 
Proc: 1 | 4 |  | 8 |  | 6 |  | 7 |  | 0 |  | 0 |  | 0 |  | 0 |  | 0 | 
Proc: 2 | 3 |  | 5 |  | 0 |  | 0 |  | 0 |  | 0 |  | 0 |  | 0 |  | 0 | 
Proc: 3 | 1 |  | 2 |  | 0 |  | 0 |  | 0 |  | 0 |  | 0 |  | 0 |  | 0 | 
===========================
Scheduling Table: 
procUsed: 0 	|	currentTime: 4
Time:	  | 0 |  | 1 |  | 2 |  | 3 |  | 4 |  | 5 |  | 6 |  | 7 |  | 8 | 
Proc: 1 | 4 |  | 8 |  | 6 |  | 7 |  | 0 |  | 0 |  | 0 |  | 0 |  | 0 | 
Proc: 2 | 3 |  | 5 |  | 0 |  | 0 |  | 0 |  | 0 |  | 0 |  | 0 |  | 0 | 
Proc: 3 | 1 |  | 2 |  | 0 |  | 0 |  | 0 |  | 0 |  | 0 |  | 0 |  | 0 | 
